1000 -490.870305
-457.283613
-869.966011
734.797375
-738.182027
-189.576914
-606.094021
501.704737
-408.924792
212.513108
-627.496688
-317.161787
-107.282927
907.970021
-331.927626
-91.162086
-559.105733
-643.652074
-220.354015
-651.172924
949.528923
484.330524
727.895906
929.074825
-214.141653
111.670537
399.107276
294.545325
-222.504865
742.199250
-266.710208
286.624830
-715.084364
-136.676219
21.422205
-453.266389
673.746867
415.328184
-951.561653
-735.177925
-372.158709
-579.058341
-52.339712
520.558365
-671.088320
615.732662
-570.603722
-230.194053
972.080588
209.042264
118.633024
921.609512
-306.627212
-153.471071
850.684335
479.231135
958.199467
249.791612
-226.223541
-264.305398
-8.009139
507.066251
-977.680570
276.906497
-629.609968
43.741636
823.640108
-955.863102
-540.930181
872.078455
-691.041027
86.911111
-706.979886
256.619261
-392.530525
-378.068206
-127.648077
36.865754
391.737742
-155.567489
-754.091983
-489.629235
-233.957979
-60.719194
356.899694
-383.273644
-581.488061
315.099160
866.517967
192.288398
-949.206240
-141.491172
-300.645351
-926.886808
-864.584675
69.744681
116.854827
959.055433
113.881579
575.924647
831.133888
422.840552
-337.164242
-875.845998
-320.540187
270.305233
-253.914204
551.811736
-692.829014
-862.176463
-603.755754
-446.920996
-351.805698
162.286267
492.359809
-994.906005
779.012624
910.871749
320.193156
645.530591
103.160146
370.986917
-495.960582
802.514796
444.100109
-360.545257
-127.740524
-439.045064
-401.489825
986.141055
-863.120418
-570.355938
408.981607
-200.284660
-446.201936
-911.558581
-929.979428
299.883861
640.253155
-622.808441
437.707398
-963.502599
-69.729438
-914.098300
198.783668
-577.369629
-909.004305
-22.203709
-666.497881
411.188852
-376.673118
436.662265
-217.824231
127.366300
239.177060
-773.724124
766.821043
-888.563464
-212.769188
-634.668782
-902.422410
-75.889605
-205.024719
506.559197
723.825735
348.773345
595.000616
793.846307
-351.342795
235.253771
-828.962135
-913.635397
271.751173
101.308427
-827.733697
-529.465160
523.938798
-736.738002
448.331132
857.440917
674.450851
-928.341987
294.103182
-543.373382
199.024314
-466.719759
-317.097505
-34.154644
-355.283224
470.133308
331.176574
-257.705633
-605.756298
-873.848146
-751.146437
-881.930564
474.925200
843.854180
911.915745
-876.417596
79.107950
-917.046391
-790.052993
-649.140878
184.262037
-617.786690
-178.606039
-291.799166
-354.524691
-730.274907
-434.358249
-680.073841
-658.616894
859.744932
-223.447223
540.407420
-606.974828
459.455272
-493.747225
37.741949
-70.411421
837.429350
780.036316
323.832282
963.581204
-971.110122
441.901719
438.506404
872.744057
353.817463
562.088809
-48.147994
436.771071
772.035816
302.711128
-378.966893
-845.750875
-875.894911
329.233942
-200.275566
-606.169818
894.875693
119.650593
-264.786711
754.620625
896.203370
-724.379292
-852.354204
355.658641
-218.126515
185.387745
-714.752780
-380.697166
-34.575940
609.079501
-417.115963
-5.686061
50.981219
-978.609559
-132.942005
-595.201319
583.479250
818.910003
841.569753
355.515064
121.621130
-537.397140
509.764190
245.726219
791.836802
-690.511377
639.556402
686.712494
429.139215
-625.230309
441.333118
325.342584
-349.609601
588.978914
-318.998775
432.263883
-225.633341
-33.751555
-948.433284
739.790720
-424.672055
-365.549246
-265.895342
626.309166
-344.158805
601.162653
-968.892154
-760.679556
420.072655
872.677599
594.835508
-458.306215
-664.719541
104.599698
787.420004
-872.882741
414.088321
426.976405
813.829754
-156.772464
801.746095
255.162871
-831.429881
-547.863506
-155.858215
-150.428656
884.400378
618.508444
815.819789
935.967095
358.299163
-608.852266
-429.582151
-907.596180
-982.543102
226.259044
693.566473
-951.435256
465.579488
113.639128
921.242344
60.414996
655.332913
-743.477198
-834.985307
442.752915
-616.359939
579.103014
-130.270680
-802.530185
-577.669451
-328.524586
452.632687
-409.099332
123.611909
-703.225530
440.472013
8.012287
915.282914
256.291801
-56.020619
273.582076
647.439535
514.397230
365.985896
664.896433
-259.343727
59.552369
713.461178
-793.764240
-826.808504
634.703521
266.650756
828.524409
891.226323
431.665449
271.277323
-725.133616
10.768462
-858.993358
-527.663801
433.099012
-187.517942
924.968886
-976.000321
936.093966
-778.256644
464.471692
-55.893748
-862.973730
-279.236507
888.085633
410.608346
-631.796974
402.482862
-223.405758
-966.900541
-856.860866
836.146612
746.560638
-650.625106
-990.661893
381.264158
616.025651
837.862516
272.490481
47.691099
109.139838
547.356864
-941.540440
250.146481
-980.306937
491.558572
-937.371463
944.661949
515.558251
998.722504
-833.594696
-19.970057
-57.171244
-696.568426
700.793436
-169.085611
714.039921
-931.003539
-766.602749
-509.365838
-897.904079
-623.463615
-673.219227
848.656558
-274.088720
-663.881120
229.920716
-658.063070
-826.018605
-497.588805
389.628029
283.121233
-950.231940
448.087590
-466.732287
-930.538878
-60.353839
-404.103749
-985.876929
-544.795589
-405.381246
-819.471625
435.234354
537.447510
-516.040050
136.027788
-631.638101
-802.000130
205.024250
-398.240850
-311.365967
307.120171
-21.704465
15.414806
155.776729
704.206816
351.533686
-614.302556
-953.856255
525.515081
-111.891360
435.771774
-191.363686
-62.123300
-116.140637
341.904027
7.337822
823.505524
937.800278
21.460893
-721.290066
-467.580968
201.989269
713.944288
-930.133459
685.949218
-150.027924
-561.771560
883.949089
-945.003674
39.987590
-427.416879
362.116497
-981.716875
587.997926
-482.106775
722.489941
-60.468388
-96.409330
768.633687
-534.953307
791.699311
204.405460
273.683007
-270.423990
-911.735177
-384.412966
736.913832
911.770347
-446.612689
-241.625275
-809.519720
85.806342
960.363993
904.424569
155.672884
646.313212
-245.603356
593.901324
530.262300
-190.607030
-366.111086
-897.154581
-828.490535
-347.827961
690.843345
-310.597309
-625.338021
-369.625043
592.993362
-856.704336
95.421650
384.692671
347.701125
-630.895344
-885.731320
435.965948
-15.308311
851.182512
347.736294
538.079001
-390.442764
538.216575
-376.114658
-430.078771
442.641142
779.558226
-783.765560
-802.962215
373.459550
746.496740
6.430755
-992.651537
849.342159
177.940220
-340.479498
540.185503
867.342912
34.182480
-829.439540
460.336272
177.478145
265.982110
-154.971057
-474.820730
635.086766
-40.702377
961.145218
-380.221545
-189.519865
308.881512
-842.142546
420.037371
-152.901915
-218.257202
989.958600
-710.260773
-438.698977
-793.806961
-513.222988
934.760573
952.689779
493.207767
942.109036
802.031937
-328.852012
-398.370463
342.217440
-461.509102
635.812018
512.777900
998.827172
-186.709838
-221.239990
-156.143887
338.469432
-586.153225
803.153737
299.614650
33.625230
-386.366129
-391.503839
191.482685
-966.328759
455.594247
973.225483
-976.370159
745.333474
-465.473495
-770.177119
-767.889514
-530.712922
-817.487340
725.318254
-588.603887
984.544597
-603.533760
13.025651
326.762036
-65.042860
-351.162332
-160.460064
-66.215690
462.127831
618.299946
777.640424
-199.402738
-967.853280
580.794160
-899.788089
65.771950
-805.571970
-291.291929
-742.745366
-771.900727
-835.697682
-769.519884
-748.270886
909.635792
-234.993378
-518.448005
-858.253722
234.293700
-335.935346
867.064532
645.689813
-351.390749
-736.469228
-341.284536
975.371287
198.487912
307.553132
-185.088778
-867.727779
-230.319039
-566.788832
909.912645
570.278223
-534.642112
490.706805
670.490134
531.129839
685.134835
-620.801794
788.384473
913.234108
-456.499477
-981.135411
-835.036779
-546.863685
-216.128789
-353.484783
-405.117407
-981.835091
310.579871
-538.052875
663.854723
959.189123
-274.522103
-677.429814
934.560410
923.965809
630.123318
-250.528369
-943.761971
-600.195721
182.682800
966.150674
970.082503
648.040688
456.857478
640.572637
179.170525
141.992313
-980.229158
-32.445002
55.226421
-436.728635
-13.580413
220.189643
16.407681
770.290797
866.704860
611.290274
788.455707
177.284730
-926.762602
452.310429
136.473853
-201.284705
774.880615
71.034262
-277.318897
405.003933
820.505893
-221.080868
804.808212
3.188692
-254.930194
774.890714
-348.770621
-798.072717
415.463350
830.399904
343.919596
435.234192
-202.045099
-600.853983
998.505559
784.374488
619.335660
14.913239
554.665285
486.040518
-373.796488
343.120991
-336.674752
-300.559089
-204.568580
799.799100
498.156206
-429.687966
-129.166639
-779.162692
975.315967
-308.660746
-0.243560
780.124178
694.527945
744.826246
555.014892
-654.242677
946.753530
-29.521758
-823.842772
290.673125
-594.287566
-25.887871
689.819142
-595.782008
-241.513382
309.154801
419.131231
-686.848098
-204.804682
-954.665258
656.272894
458.520567
-255.224347
-548.295688
258.319666
-757.068141
22.016346
-870.846973
-536.230833
-2.667687
-179.507719
463.525607
-222.543510
-484.979775
208.351853
-667.528619
-139.222450
155.105382
302.949624
36.934778
-554.221494
708.662058
-988.953094
-864.402352
-887.119951
-230.466476
444.752449
532.011281
82.685426
-760.052233
577.346023
-261.041681
698.468334
-677.878324
190.662631
-43.212001
-434.946465
-787.321024
85.941026
28.822702
210.011289
906.433308
-507.651692
987.467780
-578.546467
700.700161
-680.060840
282.231083
-144.194458
622.888784
-680.834140
301.584049
331.550841
-669.787234
437.181697
444.430890
99.746290
-118.065855
-23.557830
-817.568284
121.881912
-446.211807
-78.609965
-179.649755
-124.090131
-887.947335
777.138245
440.963404
-675.268358
-136.920729
-530.213895
534.742932
-230.487422
-37.865587
522.210710
190.966111
-337.165426
842.149870
-526.802807
518.640116
465.038654
-207.636947
-179.775836
-203.410506
122.575818
-742.594140
-758.979616
-777.677893
139.340005
217.462554
-595.246177
-738.778083
771.250747
326.143858
81.572162
-352.839385
438.196523
-141.289593
-911.875982
762.928165
721.789677
-442.089877
297.671096
-508.697745
520.044537
-180.118194
682.268366
-817.120890
-337.968325
-844.534442
701.519226
-872.929672
-52.171389
-478.256611
-76.340177
-929.595571
-220.850751
164.680208
-707.273464
918.489254
-617.857239
-302.519640
-820.288829
-846.606492
-976.375783
261.283333
-199.445877
461.820741
-880.006261
-111.321858
224.748905
841.783416
446.588265
-477.579999
-666.914329
-33.367198
342.301806
-984.645964
149.511912
-995.666520
-829.180404
-148.968863
-868.596191
118.648206
372.774526
55.063633
189.052635
-848.076226
-780.256160
481.779173
-929.586972
-398.113399
-820.740468
-749.875801
-244.719891
-797.116251
511.407532
555.834233
664.704490
631.401270
-555.487626
-110.546605
473.184686
891.100639
411.873395
806.270357
-142.266559
-245.824800
821.624394
-992.754648
-241.491318
992.443990
-141.723511
-110.087509
111.092195
-768.948986
944.976124
-699.855169
-617.025211
-835.280037
781.924004
-546.612183
-233.393437
961.183536
-296.487985
521.886673
-835.932716
-785.080454
77.720904
828.771776
846.320816
522.233278
-281.774831
319.505501
413.333917
-869.901435
125.775858
-728.932643
-115.726235
-52.599748
-721.687291
642.782447
-60.155759
136.589198
-467.305063
-949.063565
367.640213
-522.328940
-648.918734
750.615002
-357.608977
-866.994731
-795.997183
408.997587
-905.811196
-92.485168
-69.115742
-741.743911
122.434378
-991.394838
-912.972136
-31.244806
530.838440
-194.746967
-711.739306
-55.827644
-64.648402
414.036552
215.239714
819.625364
-638.563197
493.552423
462.407809
301.281044
-369.858380
995.102747
352.217480
997.781833
-527.226194
703.298746
748.396833
115.164830
836.304016
952.399651
-475.837584
930.492820
-140.085518
455.046674
-811.251092
982.348860
463.651836
-724.223228
