dynamic250 7994 27.475921 0.376382
dynamic500 8607 54.660105 0.748769
dynamic1000 8236 122.974585 1.684583
guided1 8076 15.542855 0.212916
guided2 7874 14.534482 0.199102
guided4 8836 15.272629 0.209214
guided4 8032 14.33491 0.196369
guided6 8078 13.183553 0.180597
guided6 8043 16.197126 0.221878
guided8 8401 13.338345 0.182717
guided8 8188 12.060981 0.165219
guided12 8263 13.491044 0.184809
guided12 7902 12.488606 0.171077
guided12 8224 12.994829 0.178011
static8 8311 17.808804 0.243956
static8 8445 16.889102 0.231358
static12 8173 13.545599 0.185556
static12 8157 16.346033 0.223918
static16 8217 15.158306 0.207648
static32 8078 16.213746 0.222106
static60 8484 15.089027 0.206699
static120 8039 16.254047 0.222658
static250 8005 28.271035 0.387274
static500 7967 49.226061 0.67433
static1000 8236 97.450491 1.334938
static1 8094 15.667332 0.214621
static2 8223 14.641187 0.200564
static4 8307 15.821565 0.216734
static6 8166 16.202378 0.22195
static6 8097 16.616772 0.227627
dynamic1 8446 30.815445 0.422129
dynamic2 8642 24.253369 0.332238
dynamic2 8396 21.107914 0.28915
dynamic4 8128 18.228576 0.249707
dynamic4 8274 17.676062 0.242138
dynamic6 8532 16.940111 0.232056
dynamic6 8385 15.256363 0.208991
dynamic8 8422 15.463313 0.211826
dynamic8 8601 15.111002 0.207
dynamic120 8165 15.237314 0.20873
dynamic12 7950 13.24309 0.181412
dynamic12 8193 15.90749 0.217911
dynamic12 8043 15.48973 0.212188
dynamic16 8166 14.505806 0.19871
guided12 8221 13.043559 0.178679
dynamic32 8183 15.734186 0.215537
dynamic60 8060 15.32442 0.209924
guided16 8271 15.456908 0.211738
guided32 8324 13.191422 0.180704
guided60 8023 16.510715 0.226174
guided120 8028 13.578136 0.186002
guided250 8193 26.205808 0.358984
guided500 8542 54.897668 0.752023
guided1000 8236 122.475255 1.677743
static1 8332 17.295599 0.236926
static2 8179 15.754156 0.21581
static4 8173 15.868222 0.217373
static12 8013 16.611027 0.227548
static12 7956 13.53306 0.185384
static16 8048 15.718909 0.215328
static32 8215 15.724328 0.215402
static60 7950 17.2936 0.236899
static120 8536 15.266381 0.209129
static250 8070 26.314833 0.360477
static500 8017 47.332103 0.648385
static1000 8236 95.096003 1.302685
dynamic1 8379 30.736976 0.421054
dynamic12 8249 15.539559 0.212871
dynamic16 8147 16.34601 0.223918
dynamic32 8141 16.946867 0.232149
dynamic60 8449 16.77545 0.229801
dynamic120 8557 16.634405 0.227869
dynamic250 8002 27.164061 0.37211
dynamic500 8507 54.866506 0.751596
dynamic1000 8236 123.476046 1.691453
guided1 8271 13.827824 0.189422
guided2 8049 13.30421 0.182249
guided16 8226 12.557507 0.172021
guided32 8096 14.777391 0.20243
guided60 8139 16.136446 0.221047
guided120 7971 15.382829 0.210724
guided250 7905 27.356226 0.374743
guided500 8835 55.936271 0.76625
guided1000 8236 122.145632 1.673228
static 7932 11.030082 0.151097
